FLEX
   1   1   1
READ
    6
    0.9155756310E-01    0.2419519331E+00
    0.5481936806E+00    0.7198126691E+00
    0.1683369218E+01    0.1646742553E+01
    0.3850747316E+01    0.2382603181E+01
    0.7113248654E+01    0.4999999871E+01
    0.1288675135E+02    0.4999999871E+01
TRNS
    0.1000000013E-09    0.4999999859E-09    0.1999999943E-08    1    0
TRNS
    0.1000000013E-09    0.4999999859E-09    0.1999999943E-08    1    0
TRNS
    0.1000000013E-09    0.4999999859E-09    0.1999999943E-08    1    0
TRNS
    0.1000000013E-09    0.4999999859E-09    0.1999999943E-08    1    0
